
Rk,Player,Age,G,GS,MP,FG,FGA,FG%,3P,3PA,3P%,2P,2PA,2P%,eFG%,FT,FTA,FT%,ORB,DRB,TRB,AST,STL,BLK,TOV,PF,PTS
1,Ray Allen,35,80,80,2890,480,978,.491,168,378,.444,312,600,.520,.577,193,219,.881,51,223,274,219,77,16,117,147,1321
2,Paul Pierce,33,80,80,2774,507,1021,.497,111,297,.374,396,724,.547,.551,386,449,.860,34,396,430,260,80,51,171,231,1511
3,Rajon Rondo,24,68,68,2527,318,670,.475,10,43,.233,308,627,.491,.482,75,132,.568,87,210,297,760,153,11,234,120,721
4,Glen Davis,25,78,13,2298,359,801,.448,2,15,.133,357,786,.454,.449,195,265,.736,101,324,425,92,78,30,85,231,915
5,Kevin Garnett,34,71,71,2220,434,822,.528,1,5,.200,433,817,.530,.529,187,217,.862,83,548,631,171,95,57,115,148,1056
6,Nate Robinson,26,55,11,983,146,361,.404,63,192,.328,83,169,.491,.492,33,40,.825,15,74,89,105,29,4,66,107,388
7,Marquis Daniels,30,49,0,938,114,232,.491,4,21,.190,110,211,.521,.500,39,57,.684,24,89,113,64,39,22,38,63,271
8,Shaquille O'Neal,38,37,36,752,134,201,.667,0,0,,134,201,.667,.667,73,131,.557,48,130,178,26,16,42,56,120,341
9,Jeff Green,24,26,2,612,98,202,.485,8,27,.296,90,175,.514,.505,50,63,.794,16,70,86,19,13,16,23,68,254
10,Nenad Krstic,27,24,20,553,79,147,.537,0,0,,79,147,.537,.537,60,80,.750,47,81,128,8,8,8,23,77,218
11,Von Wafer,25,58,2,553,67,159,.421,18,67,.269,49,92,.533,.478,32,38,.842,7,42,49,35,18,5,20,39,184
12,Semih Erden,24,37,7,531,58,97,.598,0,0,,58,97,.598,.598,34,54,.630,31,76,107,19,13,21,32,92,150
13,Delonte West,27,24,2,453,55,120,.458,12,33,.364,43,87,.494,.508,13,15,.867,6,31,37,64,20,10,30,29,135
14,Jermaine O'Neal,32,24,10,431,50,109,.459,0,1,.000,50,108,.463,.459,29,43,.674,25,63,88,12,2,30,27,65,129
15,Kendrick Perkins,26,12,7,313,32,59,.542,0,0,,32,59,.542,.542,23,40,.575,23,74,97,10,2,10,25,37,87
16,Luke Harangody,23,28,0,241,28,71,.394,2,10,.200,26,61,.426,.408,5,8,.625,17,38,55,10,4,7,5,36,63
17,Carlos Arroyo,31,15,1,190,11,35,.314,3,5,.600,8,30,.267,.357,11,12,.917,7,16,23,25,7,0,17,11,36
18,Troy Murphy,30,17,0,178,16,38,.421,1,10,.100,15,28,.536,.434,11,13,.846,11,27,38,6,8,1,7,19,44
19,Avery Bradley,20,31,0,162,23,67,.343,0,5,.000,23,62,.371,.343,6,12,.500,4,13,17,12,9,0,16,20,52
20,Sasha Pavlovic,27,17,0,149,12,26,.462,5,10,.500,7,16,.438,.558,2,5,.400,1,13,14,3,5,0,6,15,31
21,Chris Johnson,25,4,0,32,2,3,.667,0,0,,2,3,.667,.667,2,2,1.000,1,4,5,1,0,3,2,3,6
,Team Totals,,82,,19780,3023,6219,.486,408,1119,.365,2615,5100,.513,.519,1459,1895,.770,639,2542,3181,1921,676,344,1195,1678,7913