
Rk,Player,Age,G,GS,MP,FG,FGA,FG%,3P,3PA,3P%,2P,2PA,2P%,eFG%,FT,FTA,FT%,ORB,DRB,TRB,AST,STL,BLK,TOV,PF,PTS
1,Dwyane Wade,24,75,75,2892,699,1413,.495,13,76,.171,686,1337,.513,.499,629,803,.783,107,323,430,503,146,58,268,217,2040
2,Udonis Haslem,25,81,80,2491,300,591,.508,0,2,.000,300,589,.509,.508,157,199,.789,167,467,634,95,50,17,80,216,757
3,Gary Payton,37,81,25,2305,230,547,.420,66,230,.287,164,317,.517,.481,100,126,.794,34,199,233,257,71,10,102,169,626
4,Antoine Walker,29,82,19,2199,391,898,.435,137,383,.358,254,515,.493,.512,81,129,.628,103,318,421,166,47,30,150,187,1000
5,James Posey,29,67,63,1914,159,395,.403,117,290,.403,42,105,.400,.551,48,61,.787,33,286,319,89,54,20,58,196,483
6,Jason Williams,30,59,56,1874,268,606,.442,107,288,.372,161,318,.506,.531,85,98,.867,6,133,139,287,53,5,100,101,728
7,Shaquille O'Neal,33,59,58,1806,480,800,.600,0,0,,480,800,.600,.600,221,471,.469,172,369,541,113,23,104,168,230,1181
8,Alonzo Mourning,35,65,20,1302,188,315,.597,0,1,.000,188,314,.599,.597,133,224,.594,125,234,359,11,13,173,79,177,509
9,Jason Kapono,24,51,2,665,79,177,.446,21,53,.396,58,124,.468,.506,28,33,.848,12,59,71,37,7,3,20,89,207
10,Shandon Anderson,32,48,1,638,54,126,.429,5,19,.263,49,107,.458,.448,13,18,.722,18,63,81,30,17,6,24,75,126
11,Derek Anderson,31,23,3,465,40,130,.308,21,67,.313,19,63,.302,.388,32,38,.842,9,51,60,48,8,2,17,49,133
12,Wayne Simien,22,43,2,414,58,120,.483,0,0,,58,120,.483,.483,30,34,.882,38,50,88,7,13,1,24,70,146
13,Michael Doleac,28,31,3,371,37,88,.420,0,0,,37,88,.420,.420,24,30,.800,23,62,85,8,10,7,14,45,98
14,Gerald Fitch,23,18,1,239,30,89,.337,7,26,.269,23,63,.365,.376,17,23,.739,7,23,30,33,7,5,15,28,84
15,Dorell Wright,20,20,2,132,20,43,.465,3,6,.500,17,37,.459,.500,15,17,.882,2,30,32,8,3,1,14,12,58
16,Earl Barron,24,8,0,45,5,16,.313,0,0,,5,16,.313,.313,3,4,.750,2,8,10,0,0,0,5,10,13
17,Matt Walsh,23,2,0,3,1,1,1.000,0,0,,1,1,1.000,1.000,0,2,.000,0,0,0,0,0,0,1,0,2
,Team Totals,,82,,19755,3039,6355,.478,497,1441,.345,2542,4914,.517,.517,1616,2310,.700,858,2675,3533,1692,522,442,1186,1871,8191