
Rk,Player,Age,G,GS,MP,FG,FGA,FG%,3P,3PA,3P%,2P,2PA,2P%,eFG%,FT,FTA,FT%,ORB,DRB,TRB,AST,STL,BLK,TOV,PF,PTS
1,Shane Larkin,22,76,22,1865,187,432,.433,35,116,.302,152,316,.481,.473,61,78,.782,29,147,176,226,93,9,83,150,470
2,Jason Smith,28,82,31,1785,257,592,.434,15,42,.357,242,550,.440,.447,127,153,.830,98,226,324,140,32,44,104,205,656
3,Tim Hardaway,22,70,30,1681,279,717,.389,121,354,.342,158,363,.435,.474,125,156,.801,12,144,156,127,20,14,82,119,804
4,Langston Galloway,23,45,41,1457,204,511,.399,62,176,.352,142,335,.424,.460,63,78,.808,37,153,190,150,52,12,61,129,533
5,Carmelo Anthony,30,40,40,1428,358,806,.444,61,179,.341,297,627,.474,.482,189,237,.797,72,192,264,122,40,17,89,87,966
6,Quincy Acy,24,68,22,1287,152,331,.459,18,60,.300,134,271,.494,.486,76,97,.784,79,222,301,68,27,22,60,147,398
7,Jose Calderon,33,42,42,1270,147,354,.415,59,142,.415,88,212,.415,.499,29,32,.906,19,105,124,198,31,0,75,76,382
8,Lance Thomas,26,40,24,1040,137,316,.434,7,21,.333,130,295,.441,.445,49,66,.742,37,83,120,49,26,8,57,63,330
9,Cole Aldrich,26,61,16,976,144,301,.478,0,0,,144,301,.478,.478,50,64,.781,101,237,338,75,37,65,59,122,338
10,Amar'e Stoudemire,32,36,14,865,169,311,.543,0,3,.000,169,308,.549,.543,94,127,.740,83,162,245,37,20,34,63,111,432
11,Lou Amundson,32,41,35,858,105,243,.432,0,1,.000,105,242,.434,.432,38,82,.463,89,159,248,65,21,52,57,115,248
12,Pablo Prigioni,37,43,3,795,68,161,.422,43,115,.374,25,46,.543,.556,22,26,.846,18,62,80,104,52,1,47,53,201
13,Andrea Bargnani,29,29,22,785,164,361,.454,15,41,.366,149,320,.466,.475,87,107,.813,32,95,127,46,2,27,42,53,430
14,Travis Wear,24,51,1,672,84,209,.402,11,30,.367,73,179,.408,.428,20,26,.769,31,75,106,40,15,11,35,55,199
15,Cleanthony Early,23,39,7,647,76,214,.355,22,84,.262,54,130,.415,.407,36,48,.750,22,75,97,36,24,12,40,57,210
16,Iman Shumpert,24,24,24,625,88,215,.409,23,66,.348,65,149,.436,.463,25,37,.676,22,59,81,78,30,3,42,67,224
17,J.R. Smith,29,24,6,619,101,251,.402,32,90,.356,69,161,.429,.466,27,39,.692,4,54,58,81,18,4,45,44,261
18,Samuel Dalembert,33,32,21,544,57,130,.438,0,0,,57,130,.438,.438,14,20,.700,53,115,168,29,14,41,39,70,128
19,Alexey Shved,26,16,9,423,73,181,.403,26,70,.371,47,111,.423,.475,64,82,.780,14,59,73,57,15,5,25,25,236
20,Ricky Ledo,22,12,0,233,32,90,.356,10,24,.417,22,66,.333,.411,15,20,.750,15,19,34,18,6,1,24,20,89
,Team Totals,,82,,19855,2882,6726,.428,560,1614,.347,2322,5112,.454,.470,1211,1575,.769,867,2443,3310,1746,575,382,1206,1768,7535