
Rk,Player,Age,G,GS,MP,FG,FGA,FG%,3P,3PA,3P%,2P,2PA,2P%,eFG%,FT,FTA,FT%,ORB,DRB,TRB,AST,STL,BLK,TOV,PF,PTS
1,Greg Monroe,22,81,81,2687,514,1058,.486,0,4,.000,514,1054,.488,.486,270,392,.689,236,541,777,281,105,55,234,190,1298
2,Brandon Knight,21,75,75,2365,357,878,.407,120,327,.367,237,551,.430,.475,165,225,.733,54,193,247,303,58,8,205,157,999
3,Kyle Singler,24,82,74,2293,275,642,.428,70,200,.350,205,442,.464,.483,100,124,.806,109,221,330,77,57,37,98,217,720
4,Rodney Stuckey,26,76,24,2171,304,748,.406,55,182,.302,249,566,.440,.443,213,272,.783,43,169,212,270,51,17,134,127,876
5,Jason Maxiell,29,72,71,1789,204,457,.446,0,0,,204,457,.446,.446,90,145,.621,135,274,409,54,32,95,81,172,498
6,Tayshaun Prince,32,45,45,1457,215,484,.444,23,53,.434,192,431,.445,.468,74,93,.796,43,166,209,111,21,13,54,45,527
7,Andre Drummond,19,60,10,1243,208,342,.608,1,2,.500,207,340,.609,.610,59,159,.371,169,288,457,30,59,95,57,144,476
8,Will Bynum,30,65,0,1219,253,540,.469,24,76,.316,229,464,.494,.491,106,131,.809,28,69,97,231,45,5,125,128,636
9,Charlie Villanueva,28,69,0,1092,175,464,.377,90,259,.347,85,205,.415,.474,27,49,.551,49,192,241,54,31,39,39,96,467
10,Jonas Jerebko,25,49,2,892,142,316,.449,25,83,.301,117,233,.502,.489,68,88,.773,68,117,185,43,38,8,42,90,377
11,Jose Calderon,31,28,28,887,125,237,.527,51,98,.520,74,139,.532,.635,25,28,.893,6,64,70,185,30,2,51,41,326
12,Khris Middleton,21,27,0,475,62,141,.440,14,45,.311,48,96,.500,.489,27,32,.844,4,46,50,28,15,4,11,53,165
13,Kim English,24,41,0,407,42,112,.375,14,50,.280,28,62,.452,.438,21,29,.724,8,29,37,26,16,3,19,46,119
14,Austin Daye,24,24,0,348,43,97,.443,21,40,.525,22,57,.386,.552,15,18,.833,10,53,63,21,5,8,13,43,122
15,Corey Maggette,33,18,0,257,27,76,.355,5,21,.238,22,55,.400,.388,36,48,.750,5,20,25,19,6,2,17,42,95
16,Viacheslav Kravtsov,25,25,0,224,33,46,.717,0,0,,33,46,.717,.717,11,37,.297,24,21,45,9,5,9,14,32,77
,Team Totals,,82,,19805,2979,6638,.449,513,1440,.356,2466,5198,.474,.487,1307,1870,.699,991,2463,3454,1742,574,400,1241,1623,7778