
Rk,Player,Age,G,GS,MP,FG,FGA,FG%,3P,3PA,3P%,2P,2PA,2P%,eFG%,FT,FTA,FT%,ORB,DRB,TRB,AST,STL,BLK,TOV,PF,PTS
1,Luol Deng,25,82,82,3208,531,1155,.460,115,333,.345,416,822,.506,.510,253,336,.753,116,360,476,230,78,48,156,162,1430
2,Derrick Rose,22,81,81,3026,711,1597,.445,128,385,.332,583,1212,.481,.485,476,555,.858,81,249,330,623,85,51,278,136,2026
3,Carlos Boozer,29,59,59,1882,431,845,.510,0,0,,431,845,.510,.510,171,244,.701,130,435,565,145,45,18,149,186,1033
4,Ronnie Brewer,25,81,1,1781,205,427,.480,6,27,.222,199,400,.498,.487,87,133,.654,55,207,262,140,106,22,55,82,503
5,Taj Gibson,25,80,19,1742,234,502,.466,1,8,.125,233,494,.472,.467,100,148,.676,162,296,458,58,39,106,71,203,569
6,Kyle Korver,29,82,0,1649,242,557,.434,120,289,.415,122,268,.455,.542,77,87,.885,12,138,150,124,35,20,60,156,681
7,Joakim Noah,25,48,48,1576,211,402,.525,0,1,.000,211,401,.526,.525,139,188,.739,182,316,498,107,48,72,90,156,561
8,Keith Bogans,30,82,82,1461,124,307,.404,90,237,.380,34,70,.486,.550,21,32,.656,19,129,148,101,38,9,41,113,359
9,Kurt Thomas,38,52,37,1178,95,186,.511,1,1,1.000,94,185,.508,.513,20,32,.625,75,226,301,60,32,42,42,164,211
10,C.J. Watson,26,82,1,1091,146,394,.371,44,112,.393,102,282,.362,.426,69,93,.742,16,78,94,186,55,11,73,82,405
11,Omer Asik,24,82,0,989,78,141,.553,0,0,,78,141,.553,.553,73,145,.503,112,194,306,32,20,56,64,153,229
12,James Johnson,23,13,0,123,17,41,.415,2,9,.222,15,32,.469,.439,6,13,.462,6,18,24,14,8,9,18,25,42
13,Brian Scalabrine,32,18,0,88,10,19,.526,0,5,.000,10,14,.714,.526,0,0,,1,7,8,6,3,4,5,18,20
14,Rasual Butler,31,6,0,26,6,11,.545,4,7,.571,2,4,.500,.727,0,0,,0,1,1,0,0,0,2,3,16
15,John Lucas III,28,2,0,10,1,3,.333,0,1,.000,1,2,.500,.333,0,2,.000,0,0,0,1,0,0,0,0,2
,Team Totals,,82,,19830,3042,6587,.462,511,1415,.361,2531,5172,.489,.501,1492,2008,.743,967,2654,3621,1827,592,468,1161,1639,8087