
Rk,Player,Age,G,GS,MP,FG,FGA,FG%,3P,3PA,3P%,2P,2PA,2P%,eFG%,FT,FTA,FT%,ORB,DRB,TRB,AST,STL,BLK,TOV,PF,PTS
1,Elton Brand,25,81,81,3001,629,1251,.503,0,3,.000,629,1248,.504,.503,364,484,.752,296,474,770,208,62,169,183,240,1622
2,Bobby Simmons,24,75,74,2799,474,1017,.466,50,115,.435,424,902,.470,.491,231,273,.846,128,318,446,205,106,16,135,227,1229
3,Corey Maggette,25,66,60,2436,425,986,.431,51,168,.304,374,818,.457,.457,563,657,.857,70,324,394,225,70,8,195,191,1464
4,Rick Brunson,32,80,39,1945,166,442,.376,48,130,.369,118,312,.378,.430,57,74,.770,23,164,187,410,82,7,125,106,437
5,Quinton Ross,23,78,19,1659,161,373,.432,1,4,.250,160,369,.434,.433,74,110,.673,59,151,210,109,51,22,54,165,397
6,Marko Jaric,26,50,41,1656,189,457,.414,56,151,.371,133,306,.435,.475,59,82,.720,20,141,161,303,84,17,98,107,493
7,Chris Kaman,22,63,50,1632,246,495,.497,0,1,.000,246,494,.498,.497,80,121,.661,135,288,423,73,26,68,115,182,572
8,Mikki Moore,29,74,4,1178,144,287,.502,1,5,.200,143,282,.507,.503,107,136,.787,97,149,246,47,19,32,63,173,396
9,Chris Wilcox,22,54,25,1005,169,329,.514,0,0,,169,329,.514,.514,88,144,.611,63,165,228,38,26,24,77,129,426
10,Zeljko Rebraca,32,58,2,928,133,234,.568,0,0,,133,234,.568,.568,73,85,.859,49,135,184,26,13,40,49,130,339
11,Shaun Livingston,19,30,15,814,89,215,.414,0,2,.000,89,213,.418,.414,44,59,.746,22,67,89,151,32,11,75,82,222
12,Lionel Chalmers,24,36,0,433,42,125,.336,12,49,.245,30,76,.395,.384,15,24,.625,4,27,31,51,13,0,24,30,111
13,Kerry Kittles,30,11,0,243,28,73,.384,7,21,.333,21,52,.404,.432,6,10,.600,1,31,32,20,8,3,7,12,69
14,Darrick Martin,33,11,0,190,16,50,.320,5,18,.278,11,32,.344,.370,5,8,.625,3,7,10,28,6,0,6,19,42
15,Mamadou N'Diaye,29,11,0,72,8,20,.400,0,1,.000,8,19,.421,.400,4,7,.571,9,9,18,1,1,5,0,20,20
16,Kenny Anderson,34,4,0,26,4,11,.364,0,0,,4,11,.364,.364,0,0,,1,4,5,5,0,0,3,6,8
17,Kirk Penney,24,4,0,12,1,3,.333,0,1,.000,1,2,.500,.333,0,0,,0,1,1,1,0,0,2,0,2
18,Maurice Baker,25,1,0,1,0,0,,0,0,,0,0,,,0,0,,0,0,0,0,0,0,0,0,0
,Team Totals,,82,,20030,2924,6368,.459,231,669,.345,2693,5699,.473,.477,1770,2274,.778,980,2455,3435,1901,599,422,1290,1819,7849