
Rk,Player,Age,G,GS,MP,FG,FGA,FG%,3P,3PA,3P%,2P,2PA,2P%,eFG%,FT,FTA,FT%,ORB,DRB,TRB,AST,STL,BLK,TOV,PF,PTS
1,Ty Lawson,27,75,75,2665,404,926,.436,70,205,.341,334,721,.463,.474,265,363,.730,42,192,234,720,92,9,185,128,1143
2,Wilson Chandler,27,78,75,2471,418,975,.429,139,406,.342,279,569,.490,.500,110,142,.775,96,379,475,134,58,29,110,231,1085
3,Kenneth Faried,25,75,71,2086,373,736,.507,1,8,.125,372,728,.511,.507,199,288,.691,242,426,668,89,62,57,118,211,946
4,Arron Afflalo,29,53,53,1750,281,657,.428,82,243,.337,199,414,.481,.490,127,151,.841,21,159,180,101,32,5,83,108,771
5,Danilo Gallinari,26,59,27,1426,228,568,.401,107,301,.355,121,267,.453,.496,171,191,.895,31,187,218,83,47,20,57,94,734
6,J.J. Hickson,26,73,8,1411,218,459,.475,0,2,.000,218,457,.477,.475,116,201,.577,150,302,452,57,36,35,96,136,552
7,Jusuf Nurkic,20,62,27,1103,171,383,.446,0,2,.000,171,381,.449,.446,84,132,.636,125,257,382,50,52,68,86,207,426
8,Randy Foye,31,50,21,1087,148,402,.368,94,263,.357,54,139,.388,.485,45,55,.818,9,76,85,119,34,11,60,97,435
9,Darrell Arthur,26,58,4,988,155,384,.404,26,110,.236,129,274,.471,.438,46,59,.780,53,118,171,57,48,26,47,146,382
10,Timofey Mozgov,28,35,35,897,117,232,.504,2,6,.333,115,226,.509,.509,63,86,.733,91,181,272,16,15,41,47,114,299
11,Gary Harris,20,55,6,719,66,217,.304,21,103,.204,45,114,.395,.353,35,47,.745,21,43,64,29,39,7,38,71,188
12,Jameer Nelson,32,34,5,702,135,300,.450,46,130,.354,89,170,.524,.527,11,19,.579,16,50,66,125,25,4,61,70,327
13,Will Barton,24,28,0,683,112,253,.443,19,67,.284,93,186,.500,.480,64,79,.810,23,105,128,54,34,15,44,50,307
14,Alonzo Gee,27,39,0,511,66,137,.482,10,24,.417,56,113,.496,.518,48,65,.738,29,41,70,19,28,6,25,42,190
15,Nate Robinson,30,33,1,465,71,204,.348,24,92,.261,47,112,.420,.407,26,40,.650,14,25,39,77,14,3,22,68,192
16,Erick Green,23,43,1,410,61,162,.377,14,47,.298,47,115,.409,.420,10,12,.833,7,24,31,39,12,0,14,26,146
17,Joffrey Lauvergne,23,24,1,268,36,89,.404,3,16,.188,33,73,.452,.421,18,28,.643,27,50,77,13,8,10,22,43,93
18,JaVale McGee,27,17,0,195,34,61,.557,0,0,,34,61,.557,.557,20,29,.690,14,34,48,1,2,19,13,28,88
19,Ian Clark,23,7,0,31,4,11,.364,1,5,.200,3,6,.500,.409,4,4,1.000,0,3,3,2,3,1,2,8,13
20,Jamaal Franklin,23,3,0,13,1,2,.500,1,2,.500,0,0,,.750,0,0,,1,1,2,3,0,1,3,4,3
,Team Totals,,82,,19880,3099,7158,.433,660,2032,.325,2439,5126,.476,.479,1462,1991,.734,1012,2653,3665,1788,641,367,1166,1882,8320