
Rk,Player,Age,G,GS,MP,FG,FGA,FG%,3P,3PA,3P%,2P,2PA,2P%,eFG%,FT,FTA,FT%,ORB,DRB,TRB,AST,STL,BLK,TOV,PF,PTS
1,Dwight Howard,26,54,54,2070,416,726,.573,0,7,.000,416,719,.579,.573,281,572,.491,200,585,785,104,81,116,175,159,1113
2,Ryan Anderson,23,61,61,1964,332,757,.439,166,422,.393,166,335,.496,.548,150,171,.877,224,247,471,54,50,26,57,146,980
3,J.J. Redick,27,65,22,1765,248,584,.425,112,268,.418,136,316,.430,.521,143,157,.911,18,132,150,164,27,6,68,92,751
4,Jameer Nelson,29,57,57,1706,259,606,.427,87,231,.377,172,375,.459,.499,71,88,.807,29,152,181,325,38,5,135,130,676
5,Hedo Turkoglu,32,53,53,1653,209,504,.415,91,258,.353,118,246,.480,.505,67,95,.705,24,175,199,233,45,17,142,139,576
6,Jason Richardson,31,54,54,1591,243,596,.408,102,277,.368,141,319,.442,.493,41,69,.594,36,158,194,107,53,22,60,91,629
7,Glen Davis,26,61,13,1427,225,534,.421,2,14,.143,223,520,.429,.423,114,167,.683,107,224,331,47,43,19,75,106,566
8,Chris Duhon,29,63,9,1226,85,203,.419,50,119,.420,35,84,.417,.542,17,21,.810,14,88,102,151,35,9,81,71,237
9,Quentin Richardson,31,48,3,866,74,197,.376,42,121,.347,32,76,.421,.482,25,30,.833,15,108,123,38,28,6,29,74,215
10,Earl Clark,24,45,1,559,51,139,.367,0,0,,51,139,.367,.367,21,29,.724,35,89,124,18,12,32,25,72,123
11,Von Wafer,26,33,1,469,71,157,.452,14,39,.359,57,118,.483,.497,38,54,.704,6,39,45,29,10,3,35,26,194
12,Daniel Orton,21,16,2,187,17,30,.567,0,1,.000,17,29,.586,.567,11,25,.440,19,20,39,5,8,9,7,30,45
13,Ish Smith,23,20,0,171,19,51,.373,1,4,.250,18,47,.383,.382,6,8,.750,5,21,26,32,11,2,12,11,45
14,DeAndre Liggins,23,17,0,115,12,25,.480,0,4,.000,12,21,.571,.480,9,19,.474,6,9,15,5,6,0,10,6,33
15,Larry Hughes,33,9,0,114,5,22,.227,1,7,.143,4,15,.267,.250,1,2,.500,1,4,5,7,2,0,12,10,12
16,Justin Harper,22,14,0,84,9,31,.290,2,13,.154,7,18,.389,.323,0,1,.000,3,9,12,2,2,3,6,5,20
,Team Totals,,66,,15965,2275,5162,.441,670,1785,.375,1605,3377,.475,.506,995,1508,.660,742,2060,2802,1321,451,275,984,1168,6215