
Rk,Player,Age,G,GS,MP,FG,FGA,FG%,3P,3PA,3P%,2P,2PA,2P%,eFG%,FT,FTA,FT%,ORB,DRB,TRB,AST,STL,BLK,TOV,PF,PTS
1,Al Jefferson,28,78,78,2578,611,1236,.494,2,17,.118,609,1219,.500,.495,167,217,.770,156,564,720,164,80,89,105,170,1391
2,Paul Millsap,27,78,78,2375,429,875,.490,13,39,.333,416,836,.498,.498,264,356,.742,177,377,554,201,102,80,138,232,1135
3,Randy Foye,29,82,72,2249,293,738,.397,178,434,.410,115,304,.378,.518,118,144,.819,17,110,127,167,66,27,92,190,882
4,Gordon Hayward,22,72,27,2104,336,773,.435,102,246,.415,234,527,.444,.501,243,294,.827,51,174,225,213,58,38,120,125,1017
5,Derrick Favors,21,77,8,1787,274,568,.482,0,5,.000,274,563,.487,.482,179,260,.688,184,362,546,75,67,130,129,247,727
6,Marvin Williams,26,73,51,1727,199,470,.423,54,166,.325,145,304,.477,.481,77,99,.778,55,208,263,77,37,38,60,98,529
7,Mo Williams,30,46,46,1418,229,533,.430,59,154,.383,170,379,.449,.485,75,85,.882,24,86,110,285,46,9,125,105,592
8,Jamaal Tinsley,34,66,32,1221,86,234,.368,39,127,.307,47,107,.439,.451,18,26,.692,17,98,115,290,64,14,106,106,229
9,Alec Burks,21,64,0,1137,163,388,.420,33,92,.359,130,296,.439,.463,92,129,.713,37,108,145,92,35,13,74,114,451
10,DeMarre Carroll,26,66,12,1111,149,324,.460,20,70,.286,129,254,.508,.491,75,98,.765,87,101,188,61,58,24,34,119,393
11,Enes Kanter,20,70,2,1078,206,379,.544,1,1,1.000,205,378,.542,.545,93,117,.795,135,169,304,31,28,32,101,116,506
12,Earl Watson,33,48,4,829,37,120,.308,5,28,.179,32,92,.348,.329,17,25,.680,23,64,87,190,40,8,69,94,96
13,Jeremy Evans,25,37,0,215,27,44,.614,0,1,.000,27,43,.628,.614,21,33,.636,26,32,58,11,8,13,8,30,75
14,Kevin Murphy,22,17,0,52,7,28,.250,1,5,.200,6,23,.261,.268,0,0,,0,4,4,2,1,0,3,4,15
,Team Totals,,82,,19880,3046,6710,.454,507,1385,.366,2539,5325,.477,.492,1439,1883,.764,989,2457,3446,1859,690,515,1210,1750,8038