
Rk,Player,Age,G,GS,MP,FG,FGA,FG%,3P,3PA,3P%,2P,2PA,2P%,eFG%,FT,FTA,FT%,ORB,DRB,TRB,AST,STL,BLK,TOV,PF,PTS
1,Al Jefferson,26,82,82,2940,654,1319,.496,0,0,,654,1319,.496,.496,220,289,.761,235,559,794,149,46,153,105,238,1528
2,Paul Millsap,25,76,76,2605,525,988,.531,9,23,.391,516,965,.535,.536,256,338,.757,164,415,579,187,103,69,145,272,1315
3,Raja Bell,34,68,63,2097,191,467,.409,68,193,.352,123,274,.449,.482,91,102,.892,31,145,176,118,56,14,63,169,541
4,Deron Williams,26,53,53,2009,369,806,.458,89,258,.345,280,548,.511,.513,302,354,.853,32,173,205,514,64,12,187,152,1129
5,Andrei Kirilenko,29,64,62,1999,253,542,.467,36,98,.367,217,444,.489,.500,208,270,.770,100,227,327,192,81,74,117,113,750
6,C.J. Miles,23,78,19,1969,366,899,.407,109,339,.322,257,560,.459,.468,159,196,.811,54,201,255,135,74,38,93,221,1000
7,Earl Watson,31,80,13,1567,126,307,.410,36,107,.336,90,200,.450,.469,55,82,.671,52,130,182,278,61,17,116,146,343
8,Gordon Hayward,20,72,17,1218,142,293,.485,35,74,.473,107,219,.489,.544,69,97,.711,41,98,139,81,30,19,70,106,388
9,Ronnie Price,27,59,0,717,74,210,.352,20,69,.290,54,141,.383,.400,29,39,.744,22,39,61,56,42,5,55,106,197
10,Francisco Elson,34,62,1,610,54,113,.478,0,0,,54,113,.478,.478,26,31,.839,35,80,115,33,21,14,32,84,134
11,Devin Harris,27,17,16,530,83,201,.413,25,70,.357,58,131,.443,.475,77,95,.811,6,34,40,92,13,2,49,33,268
12,Jeremy Evans,23,49,3,463,76,115,.661,0,1,.000,76,114,.667,.661,26,37,.703,36,61,97,24,17,17,19,50,178
13,Kyrylo Fesenko,24,53,1,456,44,100,.440,0,1,.000,44,99,.444,.440,18,46,.391,34,74,108,18,4,16,25,90,106
14,Derrick Favors,19,22,4,444,74,140,.529,0,0,,74,140,.529,.529,32,57,.561,45,70,115,18,11,27,21,63,180
15,Mehmet Okur,31,13,0,168,22,62,.355,5,16,.313,17,46,.370,.395,15,20,.750,9,21,30,19,4,4,7,18,64
16,Kyle Weaver,24,5,0,69,9,25,.360,3,7,.429,6,18,.333,.420,7,8,.875,2,8,10,7,2,2,7,3,28
17,Marcus Cousin,24,4,0,18,2,3,.667,0,0,,2,3,.667,.667,0,0,,0,3,3,0,0,1,1,1,4
,Team Totals,,82,,19880,3064,6590,.465,435,1256,.346,2629,5334,.493,.498,1590,2061,.771,898,2338,3236,1921,629,484,1175,1865,8153