
Rk,Player,Age,G,GS,MP,FG,FGA,FG%,3P,3PA,3P%,2P,2PA,2P%,eFG%,FT,FTA,FT%,ORB,DRB,TRB,AST,STL,BLK,TOV,PF,PTS
1,James Harden,25,81,81,2981,647,1470,.440,208,555,.375,439,915,.480,.511,715,824,.868,75,384,459,565,154,60,321,208,2217
2,Trevor Ariza,29,82,82,2930,366,910,.402,194,555,.350,172,355,.485,.509,122,143,.853,77,382,459,209,152,17,141,186,1048
3,Donatas Motiejunas,24,71,62,2037,353,700,.504,49,133,.368,304,567,.536,.539,100,166,.602,137,284,421,130,56,34,123,203,855
4,Patrick Beverley,26,56,55,1727,204,532,.383,115,323,.356,89,209,.426,.492,45,60,.750,67,170,237,192,59,23,83,182,568
5,Jason Terry,37,77,18,1641,188,446,.422,126,323,.390,62,123,.504,.563,39,48,.813,15,106,121,147,66,19,74,116,541
6,Corey Brewer,28,56,1,1407,249,580,.429,55,194,.284,194,386,.503,.477,113,148,.764,48,155,203,95,60,15,81,111,666
7,Josh Smith,29,55,7,1404,261,596,.438,63,191,.330,198,405,.489,.491,75,144,.521,100,228,328,145,50,68,134,146,660
8,Dwight Howard,29,41,41,1223,251,423,.593,1,2,.500,250,421,.594,.595,143,271,.528,110,321,431,50,28,53,115,137,646
9,Terrence Jones,23,33,24,889,158,299,.528,13,37,.351,145,262,.553,.550,57,94,.606,78,142,220,36,18,59,37,78,386
10,Joey Dorsey,31,69,17,854,80,145,.552,0,1,.000,80,144,.556,.552,24,83,.289,103,176,279,25,40,25,41,157,184
11,Kostas Papanikolaou,24,43,1,795,69,197,.350,31,106,.292,38,91,.418,.429,13,18,.722,39,79,118,85,29,13,55,71,182
12,Pablo Prigioni,37,24,0,402,23,67,.343,14,51,.275,9,16,.563,.448,13,15,.867,12,27,39,67,27,0,15,35,73
13,Tarik Black,23,25,12,393,45,83,.542,0,1,.000,45,82,.549,.542,15,29,.517,58,69,127,8,6,2,19,56,105
14,Isaiah Canaan,23,25,9,369,53,131,.405,32,84,.381,21,47,.447,.527,16,21,.762,11,22,33,29,14,0,23,28,154
15,Nick Johnson,22,28,0,262,26,75,.347,5,21,.238,21,54,.389,.380,17,25,.680,13,26,39,11,7,3,19,34,74
16,Francisco Garcia,33,14,0,200,17,63,.270,10,45,.222,7,18,.389,.349,1,4,.250,3,14,17,15,9,5,10,20,45
17,Troy Daniels,23,17,0,108,15,47,.319,13,43,.302,2,4,.500,.457,3,4,.750,0,6,6,4,0,0,5,14,46
18,Clint Capela,20,12,0,90,14,29,.483,0,0,,14,29,.483,.483,4,23,.174,10,26,36,2,1,9,5,14,32
19,Alexey Shved,26,9,0,59,8,24,.333,4,12,.333,4,12,.333,.417,9,11,.818,1,3,4,3,1,0,5,2,29
20,K.J. McDaniels,21,10,0,33,5,15,.333,0,3,.000,5,12,.417,.333,1,2,.500,1,4,5,2,0,2,1,5,11
,Team Totals,,82,,19805,3032,6832,.444,933,2680,.348,2099,4152,.506,.512,1525,2133,.715,958,2624,3582,1820,777,407,1366,1803,8522