
Rk,Player,Age,G,GS,MP,FG,FGA,FG%,3P,3PA,3P%,2P,2PA,2P%,eFG%,FT,FTA,FT%,ORB,DRB,TRB,AST,STL,BLK,TOV,PF,PTS
1,Ty Lawson,24,61,61,2124,374,767,.488,73,200,.365,301,567,.531,.535,178,216,.824,54,173,227,401,82,6,149,94,999
2,Arron Afflalo,26,62,62,2086,329,699,.471,88,221,.398,241,478,.504,.534,197,247,.798,40,157,197,149,36,13,85,134,943
3,Andre Miller,35,66,7,1809,242,552,.438,18,83,.217,224,469,.478,.455,137,169,.811,53,168,221,441,63,9,177,133,639
4,Al Harrington,31,64,1,1761,345,773,.446,101,303,.333,244,470,.519,.512,119,176,.676,72,318,390,88,58,12,112,181,910
5,Danilo Gallinari,23,43,40,1351,193,466,.414,60,183,.328,133,283,.470,.479,182,209,.871,28,174,202,116,42,23,68,86,628
6,Corey Brewer,25,59,17,1287,201,463,.434,33,127,.260,168,336,.500,.470,90,130,.692,43,107,150,88,72,17,56,113,525
7,Kenneth Faried,22,46,39,1037,181,309,.586,0,0,,181,309,.586,.586,109,164,.665,142,210,352,36,34,47,54,116,471
8,Nene Hilario,29,28,27,826,143,281,.509,0,2,.000,143,279,.513,.509,90,133,.677,43,165,208,61,36,25,77,69,376
9,Kosta Koufos,22,48,24,792,115,192,.599,0,0,,115,192,.599,.599,33,55,.600,95,163,258,15,24,41,33,96,263
10,Rudy Fernandez,26,31,1,710,99,225,.440,40,122,.328,59,103,.573,.529,30,43,.698,9,56,65,75,31,3,40,37,268
11,Timofey Mozgov,25,44,35,687,100,190,.526,0,0,,100,190,.526,.526,39,57,.684,53,126,179,22,15,42,53,86,239
12,Chris Andersen,33,32,1,486,59,108,.546,0,0,,59,108,.546,.546,50,82,.610,48,100,148,6,19,46,17,52,168
13,JaVale McGee,24,20,5,411,93,152,.612,0,0,,93,152,.612,.612,19,51,.373,36,79,115,6,10,31,19,48,205
14,Jordan Hamilton,21,26,2,258,48,111,.432,17,47,.362,31,64,.484,.509,2,5,.400,11,51,62,20,4,3,16,15,115
15,Wilson Chandler,24,8,6,215,31,79,.392,3,12,.250,28,67,.418,.411,10,12,.833,6,35,41,17,6,6,18,18,75
16,Julyan Stone,23,22,2,179,13,31,.419,2,11,.182,11,20,.550,.452,8,11,.727,5,20,25,37,8,6,11,18,36
17,DeMarre Carroll,25,4,0,21,6,6,1.000,0,0,,6,6,1.000,1.000,0,0,,0,3,3,3,0,0,2,1,12
,Team Totals,,66,,16040,2572,5404,.476,435,1311,.332,2137,4093,.522,.516,1293,1760,.735,738,2105,2843,1581,540,330,1015,1297,6872